[urlconfig]
scsurl=192.168.69.19:7000
scqurl=192.168.65.45:7001
sccurl=192.168.65.45:7003
sceurl=192.168.66.71:8182
scburl=192.168.65.103:7005
scaurl=192.168.69.19:7007
scaurl_https=192.168.69.19:7012
bs3url=192.168.66.204:8080
scwurl=112.74.94.35:80
#192.168.69.19:7006
scw_out=scwtest.51dmb.com
mongoip=192.168.69.19
scw_version=1.2.0.61315
office_idpath=.0.27.61.63.
scs_version=1.2.2.62889
normal_idcard=123456789123456789
normal_name=张三
normal_phone=15200020002
vip_idcard=35012419860326018X
# 123456789987654321
vip_name=丽丽
vip_phone=18100010001
upgrade_md5=8cc8240fc90c7b571c2c5e963570757e
